gridtype = lonlat
xsize = 91
ysize = 59
xfirst = 13.109375
xinc = 0.03125
yfirst = 49.171875
yinc = 0.03125
