gridtype = lonlat
xsize = 730
ysize = 352
xfirst = -5.796875
xinc = 0.03125
yfirst = 40.515625
yinc = 0.03125
