gridtype = lonlat
xsize = 104
ysize = 60
xfirst = 8.390625
xinc = 0.03125
yfirst = 52.640625
yinc = 0.03125
