gridtype = lonlat
xsize = 768
ysize = 375
xfirst = -6.984375
xinc = 0.03125
yfirst = 52.296875
yinc = 0.03125
