gridtype = lonlat
xsize = 108
ysize = 56
xfirst = -3.359375
xinc = 0.03125
yfirst = 54.140625
yinc = 0.03125
